0.658836
0.643892
0.527591
0.711545
1.06062
1.3225
0.228281
0.251045
-1
0.41541
0.368166
0.433346
0.539792
0.506081
0.345626
0.378588
0.331551
0.335039
0.232066
0.408984
0.746682
0.281616
0.241692
1.05668
-1
0.609261
0.745755
0.950344
0.340633
0.210873
0.184324
0.850774
0.412831
0.238086
0.782474
0.651052
0.845625
0.339293
-1
0.637489
0.766882
-1
0.187527
0.519751
0.268521
-1
0.899509
0.740374
0.891685
0.191975
-1
0.293019
0.43765
0.309727
0.521663
0.680919
0.315039
0.256826
1.25114
0.213491
-1
0.943482
0.301218
0.211816
0.779128
0.316423
0.194844
1.02364
-1
0.608892
0.209349
0.66871
0.783683
0.394358
0.485286
0.639648
0.667797
-1
0.567014
0.447261
0.533829
0.521
0.449294
0.652645
0.24275
0.54794
0.620569
1.07469
0.238473
0.260731
-1
0.893752
1.00206
0.393522
0.23109
-1
0.893371
0.825695
0.746702
1.01155
0.50049
-1
0.826326
0.212653
0.594668
0.787849
0.26151
0.611442
0.744928
0.307729
0.480677
-1
0.927953
0.93773
0.901461
0.9517
0.715959
0.841453
-1
0.908629
0.725068
0.762817
0.920144
0.961734
0.845382
0.785398
-1
0.239176
0.317948
-1
0.281537
0.415249
0.57402
0.830747
0.887065
0.903808
0.212753
-1
0.383515
0.422957
0.485655
0.553752
0.376479
0.214133
0.804046
0.176824
-1
0.360629
0.246503
0.379403
0.633283
0.516264
0.607995
0.801378
0.932574
0.565876
0.634459
0.568951
-1
0.667152
0.621428
0.455952
0.439004
0.606767
-1
0.938427
0.648126
0.785775
0.887136
-1
0.838468
0.785315
0.865414
0.92044
0.867219
0.921774
0.849647
0.97243
1.08139
1.01767
1.15458
0.225163
-1
0.866576
0.866069
0.877294
0.839011
0.915072
0.81225
0.825845
0.849584
0.894819
0.764312
0.846384
0.87609
1.27646
-1
0.44174
0.224711
-1
0.830104
0.796944
0.650147
0.240049
0.263188
0.759758
0.447385
0.320328
0.274296
0.297449
0.266324
0.276097
-1
0.289509
0.556032
0.306796
0.835573
0.847817
1.28074
-1
