0.658836
0.643892
0.527591
0.711545
1.06062
1.3225
0.228281
0.251045

0.41541
0.368166
0.433346
0.539792
0.506081
0.345626
0.378588
0.331551
0.335039
0.232066
0.408984
0.746682
0.281616
0.241692
1.05668

0.609261
0.745755
0.950344
0.340633
0.210873
0.184324
0.850774
0.412831
0.238086
0.782474
0.651052
0.845625
0.339293

0.637489
0.766882

0.187527
0.519751
0.268521

0.899509
0.740374
0.891685
0.191975

0.293019
0.43765
0.309727
0.521663
0.680919
0.315039
0.256826
1.25114
0.213491

0.940667
0.76148
0.770762
0.527693
1.01849

0.608892
0.209349
0.66871
0.783683
0.394358
0.485286
0.639648
0.667797

0.567014
0.447261
0.533829
0.521
0.449294
0.652645
0.24275
0.54794
0.620569
1.07469
0.238473
0.260731

0.893752
1.00206
0.393522
0.23109

0.893371
0.825695
0.746702
1.01155
0.50049

0.826326
0.212653
0.594668
0.787849
0.26151
0.611442
0.744928
0.307729
0.480677

0.903114
0.9517
0.712073
0.847669
0.354155

0.908629
0.725068
0.762817
0.920144
0.961734
0.845382
0.785398

0.239176
0.317948

0.281537
0.415249
0.57402
0.830747
0.887065
0.903808
0.212753

0.383515
0.422957
0.485655
0.553752
0.376479
0.214133
0.804046
0.176824

0.360629
0.246503
0.379403
0.633283
0.516264
0.607995
0.801378
0.932574
0.565876
0.634459
0.568951

0.461674
0.394511
0.516391
0.468697
0.66869

0.938427
0.648126
0.785775
0.887136

0.838468
0.785315
0.865414
0.92044
0.867219
0.921774
0.849647
0.97243
1.08139
1.01767
1.15458
0.225163

0.179751
0.192577
0.238745
0.208206

0.766264
0.865071
0.929389
0.758561
0.854569
0.835791
1.32569

0.472227
0.477572
0.6123
0.535614
0.490073
0.555253
0.437002
0.52337
0.84241
0.864869
0.192169
1.09614
1.01497

0.314295
0.276097