0.392591
0.682451
0.839246
0.460029
0.227249
0.470243
0.239835
0.610726
-1
0.520246
0.751883
0.879298
0.728927
0.862951
1.23125
0.2911
1.43527
0.463648
-1
0.276097
0.871017
0.79329
0.911091
0.269168
-1
0.791244
0.195894
0.638117
0.555569
0.557262
1.04272
1.55789
-1
0.692871
0.875084
0.355605
1.19029
1.46987
-1
0.908604
0.174944
0.423726
0.624937
-1
0.892784
0.182146
0.288975
-1
0.833138
1.20402
-1
0.565552
0.714904
0.375689
0.206324
-1
0.775077
0.869859
0.671108
0.272281
0.963491
-1
0.597899
0.859486
-1
0.426596
0.267066
0.526194
0.387263
0.467651
0.646368
0.433062
1.52915
-1
0.847138
0.859567
0.421833
0.663554
0.306897
-1
0.915112
0.939309
0.86145
1.22
0.668648
0.428778
0.785398
-1
0.842662
0.781332
0.80638
0.50524
0.530551
0.731741
0.464204
0.974112
0.728577
-1
0.203226
0.422321
0.709076
-1
0.62284
0.285473
0.337374
-1
0.871084
0.18764
-1
0.779313
0.889911
0.819591
0.975252
0.849754
0.556147
0.600027
-1
0.799157
0.855861
0.712265
0.204564
0.287177
-1
0.835682
0.888308
0.617306
0.249469
0.856219
-1
