0.392591
0.682451
0.839246
0.460029
0.227249
0.470243
0.239835
0.610726

0.520246
0.751883
0.879298
0.728927
0.862951
1.23125
	0.2911
1.43527
0.463648

0.276097
0.871017
0.79329
0.911091
0.269168

0.791244
0.195894
0.638117
	0.555569
0.557262
1.04272
1.55789

0.691041
0.867785
0.884166
1.19201
1.49353

0.908604
0.174944
	0.423726
0.624937

0.892784
0.182146
0.288975

0.833138
1.20402

0.565552
0.714904
	0.375689
0.206324

0.775077
0.869859
0.671108
0.272281
0.963491

0.597899
0.859486

0.426596
0.267066
0.526194
0.387263
0.467651
0.646368
0.433062
1.52915

0.847138
0.859567
0.421833
0.663554
0.306897

0.951692
0.917343
0.947218
0.353349
0.668648
0.422251
0.785398

0.842662
0.781332
0.80638
0.50524
0.530551
0.731741
0.464204
0.974112
0.728577

0.21092
0.336384
0.197928
0.702747

0.62284
0.285473
0.337374

0.871084
0.18764

0.779313
0.889911
0.819591
0.975252
0.849754
0.556147
0.600027

0.799157
0.855861
0.712265
0.204564
0.287177

0.835682
0.888308
0.617306
0.249469
0.856219